//BSB or bank code, 
//weights for digit 1,2,3,4,5,6,7,8,9,10,11,12,13,14(left to right), 
//divisor (e.g. 11 if modulus 11 used),
//whether to use bsb 4 digits in mod calculation (1 for true),
//split 2 digit products in mod calculation (1 for true) - if modulus calculation results in a 2/3 digit number, should each of its digits be added as well?

801,1,2,1,2,1,2,1,2,1,2,1,2,,,10,1,1
802,1,2,1,2,1,2,1,2,1,2,1,2,,,10,1,1
803,1,2,1,2,1,2,1,2,1,2,1,2,,,10,1,1
804,1,2,1,2,1,2,1,2,1,2,1,2,,,10,1,1
805,1,2,1,2,1,2,1,2,1,2,1,2,,,10,1,1
806,1,2,1,2,1,2,1,2,1,2,1,2,,,10,1,1
807,1,2,1,2,1,2,1,2,1,2,1,2,,,10,1,1
180,1,2,1,2,1,2,1,2,,,,,,,10,0,1
181,1,2,1,2,1,2,1,2,,,,,,,10,0,1
182,1,2,1,2,1,2,1,2,,,,,,,10,0,1
183,1,2,1,2,1,2,1,2,,,,,,,10,0,1
184,1,2,1,2,1,2,1,2,,,,,,,10,0,1
185,1,2,1,2,1,2,1,2,,,,,,,10,0,1
186,1,2,1,2,1,2,1,2,,,,,,,10,0,1
187,1,2,1,2,1,2,1,2,,,,,,,10,0,1
188,1,2,1,2,1,2,1,2,,,,,,,10,0,1
189,1,2,1,2,1,2,1,2,,,,,,,10,0,1
313,1,2,1,2,1,2,1,2,1,2,1,2,,,10,1,1
512,1,2,1,2,1,2,1,2,1,2,1,2,,,10,1,1
514,1,2,1,2,1,2,1,2,1,2,1,2,,,10,1,1
639,1,2,1,2,1,2,1,2,1,2,1,2,,,10,1,1
642,1,2,1,2,1,2,1,2,1,2,1,2,,,10,1,1
801,1,2,1,2,1,2,1,2,1,2,1,2,,,10,1,1
802,1,2,1,2,1,2,1,2,1,2,1,2,,,10,1,1
803,1,2,1,2,1,2,1,2,1,2,1,2,,,10,1,1
804,1,2,1,2,1,2,1,2,1,2,1,2,,,10,1,1
805,1,2,1,2,1,2,1,2,1,2,1,2,,,10,1,1
806,1,2,1,2,1,2,1,2,1,2,1,2,,,10,1,1
807,1,2,1,2,1,2,1,2,1,2,1,2,,,10,1,1
812,1,2,1,2,1,2,1,2,1,2,1,2,,,10,1,1
813,1,2,1,2,1,2,1,2,1,2,1,2,,,10,1,1
814,1,2,1,2,1,2,1,2,1,2,1,2,,,10,1,1
815,1,2,1,2,1,2,1,2,1,2,1,2,,,10,1,1
817,1,2,1,2,1,2,1,2,1,2,1,2,,,10,1,1
819,1,2,1,2,1,2,1,2,,,,,,,10,0,1
952,9,8,7,6,5,4,3,2,,,,,,,11,0,0
100000,1,2,1,2,1,2,1,2,1,2,1,2,,,10,1,1
100010,1,2,1,2,1,2,1,2,1,2,1,2,,,10,1,1
100020,1,2,1,2,1,2,1,2,1,2,1,2,,,10,1,1
100030,1,2,1,2,1,2,1,2,1,2,1,2,,,10,1,1
100040,1,2,1,2,1,2,1,2,1,2,1,2,,,10,1,1
100050,1,2,1,2,1,2,1,2,1,2,1,2,,,10,1,1
100060,1,2,1,2,1,2,1,2,1,2,1,2,,,10,1,1
100070,1,2,1,2,1,2,1,2,1,2,1,2,,,10,1,1
100080,1,2,1,2,1,2,1,2,1,2,1,2,,,10,1,1
100090,1,2,1,2,1,2,1,2,1,2,1,2,,,10,1,1
100100,1,2,1,2,1,2,1,2,1,2,1,2,,,10,1,1
100110,1,2,1,2,1,2,1,2,1,2,1,2,,,10,1,1
100120,1,2,1,2,1,2,1,2,1,2,1,2,,,10,1,1
100130,1,2,1,2,1,2,1,2,1,2,1,2,,,10,1,1
100140,1,2,1,2,1,2,1,2,1,2,1,2,,,10,1,1
100150,1,2,1,2,1,2,1,2,1,2,1,2,,,10,1,1
100160,1,2,1,2,1,2,1,2,1,2,1,2,,,10,1,1
100170,1,2,1,2,1,2,1,2,1,2,1,2,,,10,1,1
100180,1,2,1,2,1,2,1,2,1,2,1,2,,,10,1,1
100190,1,2,1,2,1,2,1,2,1,2,1,2,,,10,1,1
100200,1,2,1,2,1,2,1,2,1,2,1,2,,,10,1,1
100210,1,2,1,2,1,2,1,2,1,2,1,2,,,10,1,1
100220,1,2,1,2,1,2,1,2,1,2,1,2,,,10,1,1
100230,1,2,1,2,1,2,1,2,1,2,1,2,,,10,1,1
100240,1,2,1,2,1,2,1,2,1,2,1,2,,,10,1,1
100250,1,2,1,2,1,2,1,2,1,2,1,2,,,10,1,1
100260,1,2,1,2,1,2,1,2,1,2,1,2,,,10,1,1
100270,1,2,1,2,1,2,1,2,1,2,1,2,,,10,1,1
100280,1,2,1,2,1,2,1,2,1,2,1,2,,,10,1,1
100290,1,2,1,2,1,2,1,2,1,2,1,2,,,10,1,1
100300,1,2,1,2,1,2,1,2,1,2,1,2,,,10,1,1
100310,1,2,1,2,1,2,1,2,1,2,1,2,,,10,1,1
100320,1,2,1,2,1,2,1,2,1,2,1,2,,,10,1,1
100330,1,2,1,2,1,2,1,2,1,2,1,2,,,10,1,1
100340,1,2,1,2,1,2,1,2,1,2,1,2,,,10,1,1
100350,1,2,1,2,1,2,1,2,1,2,1,2,,,10,1,1
100360,1,2,1,2,1,2,1,2,1,2,1,2,,,10,1,1
100370,1,2,1,2,1,2,1,2,1,2,1,2,,,10,1,1
100380,1,2,1,2,1,2,1,2,1,2,1,2,,,10,1,1
100390,1,2,1,2,1,2,1,2,1,2,1,2,,,10,1,1
100400,1,2,1,2,1,2,1,2,1,2,1,2,,,10,1,1
100410,1,2,1,2,1,2,1,2,1,2,1,2,,,10,1,1
100420,1,2,1,2,1,2,1,2,1,2,1,2,,,10,1,1
100430,1,2,1,2,1,2,1,2,1,2,1,2,,,10,1,1
100440,1,2,1,2,1,2,1,2,1,2,1,2,,,10,1,1
100450,1,2,1,2,1,2,1,2,1,2,1,2,,,10,1,1
100460,1,2,1,2,1,2,1,2,1,2,1,2,,,10,1,1
100470,1,2,1,2,1,2,1,2,1,2,1,2,,,10,1,1
100480,1,2,1,2,1,2,1,2,1,2,1,2,,,10,1,1
100490,1,2,1,2,1,2,1,2,1,2,1,2,,,10,1,1
100500,1,2,1,2,1,2,1,2,1,2,1,2,,,10,1,1
100510,1,2,1,2,1,2,1,2,1,2,1,2,,,10,1,1
100520,1,2,1,2,1,2,1,2,1,2,1,2,,,10,1,1
100530,1,2,1,2,1,2,1,2,1,2,1,2,,,10,1,1
100540,1,2,1,2,1,2,1,2,1,2,1,2,,,10,1,1
100550,1,2,1,2,1,2,1,2,1,2,1,2,,,10,1,1
100560,1,2,1,2,1,2,1,2,1,2,1,2,,,10,1,1
100570,1,2,1,2,1,2,1,2,1,2,1,2,,,10,1,1
100580,1,2,1,2,1,2,1,2,1,2,1,2,,,10,1,1
100590,1,2,1,2,1,2,1,2,1,2,1,2,,,10,1,1
100600,1,2,1,2,1,2,1,2,1,2,1,2,,,10,1,1
100610,1,2,1,2,1,2,1,2,1,2,1,2,,,10,1,1
100620,1,2,1,2,1,2,1,2,1,2,1,2,,,10,1,1
100630,1,2,1,2,1,2,1,2,1,2,1,2,,,10,1,1
100640,1,2,1,2,1,2,1,2,1,2,1,2,,,10,1,1
100650,1,2,1,2,1,2,1,2,1,2,1,2,,,10,1,1
100660,1,2,1,2,1,2,1,2,1,2,1,2,,,10,1,1
100670,1,2,1,2,1,2,1,2,1,2,1,2,,,10,1,1
100680,1,2,1,2,1,2,1,2,1,2,1,2,,,10,1,1
100690,1,2,1,2,1,2,1,2,1,2,1,2,,,10,1,1
100700,1,2,1,2,1,2,1,2,1,2,1,2,,,10,1,1
100710,1,2,1,2,1,2,1,2,1,2,1,2,,,10,1,1
100720,1,2,1,2,1,2,1,2,1,2,1,2,,,10,1,1
100730,1,2,1,2,1,2,1,2,1,2,1,2,,,10,1,1
100740,1,2,1,2,1,2,1,2,1,2,1,2,,,10,1,1
100750,1,2,1,2,1,2,1,2,1,2,1,2,,,10,1,1
100760,1,2,1,2,1,2,1,2,1,2,1,2,,,10,1,1
100770,1,2,1,2,1,2,1,2,1,2,1,2,,,10,1,1
100780,1,2,1,2,1,2,1,2,1,2,1,2,,,10,1,1
100790,1,2,1,2,1,2,1,2,1,2,1,2,,,10,1,1
100800,1,2,1,2,1,2,1,2,1,2,1,2,,,10,1,1
100810,1,2,1,2,1,2,1,2,1,2,1,2,,,10,1,1
100820,1,2,1,2,1,2,1,2,1,2,1,2,,,10,1,1
100830,1,2,1,2,1,2,1,2,1,2,1,2,,,10,1,1
100840,1,2,1,2,1,2,1,2,1,2,1,2,,,10,1,1
100850,1,2,1,2,1,2,1,2,1,2,1,2,,,10,1,1
100860,1,2,1,2,1,2,1,2,1,2,1,2,,,10,1,1
100870,1,2,1,2,1,2,1,2,1,2,1,2,,,10,1,1
100880,1,2,1,2,1,2,1,2,1,2,1,2,,,10,1,1
100890,1,2,1,2,1,2,1,2,1,2,1,2,,,10,1,1
100900,1,2,1,2,1,2,1,2,1,2,1,2,,,10,1,1
100910,1,2,1,2,1,2,1,2,1,2,1,2,,,10,1,1
100920,1,2,1,2,1,2,1,2,1,2,1,2,,,10,1,1
100930,1,2,1,2,1,2,1,2,1,2,1,2,,,10,1,1
100940,1,2,1,2,1,2,1,2,1,2,1,2,,,10,1,1
100950,1,2,1,2,1,2,1,2,1,2,1,2,,,10,1,1
100960,1,2,1,2,1,2,1,2,1,2,1,2,,,10,1,1
100970,1,2,1,2,1,2,1,2,1,2,1,2,,,10,1,1
100980,1,2,1,2,1,2,1,2,1,2,1,2,,,10,1,1
100990,1,2,1,2,1,2,1,2,1,2,1,2,,,10,1,1
101000,1,2,1,2,1,2,1,2,1,2,1,2,,,10,1,1
101000,1,2,1,2,1,2,1,2,1,2,1,2,,,10,1,1
101010,1,2,1,2,1,2,1,2,1,2,1,2,,,10,1,1
101020,1,2,1,2,1,2,1,2,1,2,1,2,,,10,1,1
101030,1,2,1,2,1,2,1,2,1,2,1,2,,,10,1,1
101040,1,2,1,2,1,2,1,2,1,2,1,2,,,10,1,1
101050,1,2,1,2,1,2,1,2,1,2,1,2,,,10,1,1
101060,1,2,1,2,1,2,1,2,1,2,1,2,,,10,1,1
101070,1,2,1,2,1,2,1,2,1,2,1,2,,,10,1,1
101080,1,2,1,2,1,2,1,2,1,2,1,2,,,10,1,1
101090,1,2,1,2,1,2,1,2,1,2,1,2,,,10,1,1
101100,1,2,1,2,1,2,1,2,1,2,1,2,,,10,1,1
101110,1,2,1,2,1,2,1,2,1,2,1,2,,,10,1,1
101120,1,2,1,2,1,2,1,2,1,2,1,2,,,10,1,1
101130,1,2,1,2,1,2,1,2,1,2,1,2,,,10,1,1
101140,1,2,1,2,1,2,1,2,1,2,1,2,,,10,1,1
101150,1,2,1,2,1,2,1,2,1,2,1,2,,,10,1,1
101160,1,2,1,2,1,2,1,2,1,2,1,2,,,10,1,1
101170,1,2,1,2,1,2,1,2,1,2,1,2,,,10,1,1
101180,1,2,1,2,1,2,1,2,1,2,1,2,,,10,1,1
101190,1,2,1,2,1,2,1,2,1,2,1,2,,,10,1,1
101200,1,2,1,2,1,2,1,2,1,2,1,2,,,10,1,1
101210,1,2,1,2,1,2,1,2,1,2,1,2,,,10,1,1
101220,1,2,1,2,1,2,1,2,1,2,1,2,,,10,1,1
101230,1,2,1,2,1,2,1,2,1,2,1,2,,,10,1,1
101240,1,2,1,2,1,2,1,2,1,2,1,2,,,10,1,1
101250,1,2,1,2,1,2,1,2,1,2,1,2,,,10,1,1
101260,1,2,1,2,1,2,1,2,1,2,1,2,,,10,1,1
101270,1,2,1,2,1,2,1,2,1,2,1,2,,,10,1,1
101280,1,2,1,2,1,2,1,2,1,2,1,2,,,10,1,1
101290,1,2,1,2,1,2,1,2,1,2,1,2,,,10,1,1
101300,1,2,1,2,1,2,1,2,1,2,1,2,,,10,1,1
101310,1,2,1,2,1,2,1,2,1,2,1,2,,,10,1,1
101320,1,2,1,2,1,2,1,2,1,2,1,2,,,10,1,1
101330,1,2,1,2,1,2,1,2,1,2,1,2,,,10,1,1
101340,1,2,1,2,1,2,1,2,1,2,1,2,,,10,1,1
101350,1,2,1,2,1,2,1,2,1,2,1,2,,,10,1,1
101360,1,2,1,2,1,2,1,2,1,2,1,2,,,10,1,1
101370,1,2,1,2,1,2,1,2,1,2,1,2,,,10,1,1
101380,1,2,1,2,1,2,1,2,1,2,1,2,,,10,1,1
101390,1,2,1,2,1,2,1,2,1,2,1,2,,,10,1,1
101400,1,2,1,2,1,2,1,2,1,2,1,2,,,10,1,1
101410,1,2,1,2,1,2,1,2,1,2,1,2,,,10,1,1
101420,1,2,1,2,1,2,1,2,1,2,1,2,,,10,1,1
101430,1,2,1,2,1,2,1,2,1,2,1,2,,,10,1,1
101440,1,2,1,2,1,2,1,2,1,2,1,2,,,10,1,1
101450,1,2,1,2,1,2,1,2,1,2,1,2,,,10,1,1
101460,1,2,1,2,1,2,1,2,1,2,1,2,,,10,1,1
101470,1,2,1,2,1,2,1,2,1,2,1,2,,,10,1,1
101480,1,2,1,2,1,2,1,2,1,2,1,2,,,10,1,1
101490,1,2,1,2,1,2,1,2,1,2,1,2,,,10,1,1
101500,1,2,1,2,1,2,1,2,1,2,1,2,,,10,1,1
101510,1,2,1,2,1,2,1,2,1,2,1,2,,,10,1,1
101520,1,2,1,2,1,2,1,2,1,2,1,2,,,10,1,1
101530,1,2,1,2,1,2,1,2,1,2,1,2,,,10,1,1
101540,1,2,1,2,1,2,1,2,1,2,1,2,,,10,1,1
101550,1,2,1,2,1,2,1,2,1,2,1,2,,,10,1,1
101560,1,2,1,2,1,2,1,2,1,2,1,2,,,10,1,1
101570,1,2,1,2,1,2,1,2,1,2,1,2,,,10,1,1
101580,1,2,1,2,1,2,1,2,1,2,1,2,,,10,1,1
101590,1,2,1,2,1,2,1,2,1,2,1,2,,,10,1,1
101600,1,2,1,2,1,2,1,2,1,2,1,2,,,10,1,1
101610,1,2,1,2,1,2,1,2,1,2,1,2,,,10,1,1
101620,1,2,1,2,1,2,1,2,1,2,1,2,,,10,1,1
101630,1,2,1,2,1,2,1,2,1,2,1,2,,,10,1,1
101640,1,2,1,2,1,2,1,2,1,2,1,2,,,10,1,1
101650,1,2,1,2,1,2,1,2,1,2,1,2,,,10,1,1
101660,1,2,1,2,1,2,1,2,1,2,1,2,,,10,1,1
101670,1,2,1,2,1,2,1,2,1,2,1,2,,,10,1,1
101680,1,2,1,2,1,2,1,2,1,2,1,2,,,10,1,1
101690,1,2,1,2,1,2,1,2,1,2,1,2,,,10,1,1
101700,1,2,1,2,1,2,1,2,1,2,1,2,,,10,1,1
101710,1,2,1,2,1,2,1,2,1,2,1,2,,,10,1,1
101720,1,2,1,2,1,2,1,2,1,2,1,2,,,10,1,1
101730,1,2,1,2,1,2,1,2,1,2,1,2,,,10,1,1
101740,1,2,1,2,1,2,1,2,1,2,1,2,,,10,1,1
101750,1,2,1,2,1,2,1,2,1,2,1,2,,,10,1,1
101760,1,2,1,2,1,2,1,2,1,2,1,2,,,10,1,1
101770,1,2,1,2,1,2,1,2,1,2,1,2,,,10,1,1
101780,1,2,1,2,1,2,1,2,1,2,1,2,,,10,1,1
101790,1,2,1,2,1,2,1,2,1,2,1,2,,,10,1,1
101800,1,2,1,2,1,2,1,2,1,2,1,2,,,10,1,1
101810,1,2,1,2,1,2,1,2,1,2,1,2,,,10,1,1
101820,1,2,1,2,1,2,1,2,1,2,1,2,,,10,1,1
101830,1,2,1,2,1,2,1,2,1,2,1,2,,,10,1,1
101840,1,2,1,2,1,2,1,2,1,2,1,2,,,10,1,1
101850,1,2,1,2,1,2,1,2,1,2,1,2,,,10,1,1
101860,1,2,1,2,1,2,1,2,1,2,1,2,,,10,1,1
101870,1,2,1,2,1,2,1,2,1,2,1,2,,,10,1,1
101880,1,2,1,2,1,2,1,2,1,2,1,2,,,10,1,1
101890,1,2,1,2,1,2,1,2,1,2,1,2,,,10,1,1
101900,1,2,1,2,1,2,1,2,1,2,1,2,,,10,1,1
101910,1,2,1,2,1,2,1,2,1,2,1,2,,,10,1,1
101920,1,2,1,2,1,2,1,2,1,2,1,2,,,10,1,1
101930,1,2,1,2,1,2,1,2,1,2,1,2,,,10,1,1
101940,1,2,1,2,1,2,1,2,1,2,1,2,,,10,1,1
101950,1,2,1,2,1,2,1,2,1,2,1,2,,,10,1,1
101960,1,2,1,2,1,2,1,2,1,2,1,2,,,10,1,1
101970,1,2,1,2,1,2,1,2,1,2,1,2,,,10,1,1
101980,1,2,1,2,1,2,1,2,1,2,1,2,,,10,1,1
101990,1,2,1,2,1,2,1,2,1,2,1,2,,,10,1,1
102000,1,2,1,2,1,2,1,2,1,2,1,2,,,10,1,1
102010,1,2,1,2,1,2,1,2,1,2,1,2,,,10,1,1
102020,1,2,1,2,1,2,1,2,1,2,1,2,,,10,1,1
102030,1,2,1,2,1,2,1,2,1,2,1,2,,,10,1,1
102040,1,2,1,2,1,2,1,2,1,2,1,2,,,10,1,1
102050,1,2,1,2,1,2,1,2,1,2,1,2,,,10,1,1
102060,1,2,1,2,1,2,1,2,1,2,1,2,,,10,1,1
102070,1,2,1,2,1,2,1,2,1,2,1,2,,,10,1,1
102080,1,2,1,2,1,2,1,2,1,2,1,2,,,10,1,1
102090,1,2,1,2,1,2,1,2,1,2,1,2,,,10,1,1
102100,1,2,1,2,1,2,1,2,1,2,1,2,,,10,1,1
102110,1,2,1,2,1,2,1,2,1,2,1,2,,,10,1,1
102120,1,2,1,2,1,2,1,2,1,2,1,2,,,10,1,1
102130,1,2,1,2,1,2,1,2,1,2,1,2,,,10,1,1
102140,1,2,1,2,1,2,1,2,1,2,1,2,,,10,1,1
102150,1,2,1,2,1,2,1,2,1,2,1,2,,,10,1,1
102160,1,2,1,2,1,2,1,2,1,2,1,2,,,10,1,1
102170,1,2,1,2,1,2,1,2,1,2,1,2,,,10,1,1
102180,1,2,1,2,1,2,1,2,1,2,1,2,,,10,1,1
102190,1,2,1,2,1,2,1,2,1,2,1,2,,,10,1,1
102200,1,2,1,2,1,2,1,2,1,2,1,2,,,10,1,1
102210,1,2,1,2,1,2,1,2,1,2,1,2,,,10,1,1
102220,1,2,1,2,1,2,1,2,1,2,1,2,,,10,1,1
102230,1,2,1,2,1,2,1,2,1,2,1,2,,,10,1,1
102240,1,2,1,2,1,2,1,2,1,2,1,2,,,10,1,1
102250,1,2,1,2,1,2,1,2,1,2,1,2,,,10,1,1
102260,1,2,1,2,1,2,1,2,1,2,1,2,,,10,1,1
102270,1,2,1,2,1,2,1,2,1,2,1,2,,,10,1,1
102280,1,2,1,2,1,2,1,2,1,2,1,2,,,10,1,1
102290,1,2,1,2,1,2,1,2,1,2,1,2,,,10,1,1
102300,1,2,1,2,1,2,1,2,1,2,1,2,,,10,1,1
102310,1,2,1,2,1,2,1,2,1,2,1,2,,,10,1,1
102320,1,2,1,2,1,2,1,2,1,2,1,2,,,10,1,1
102330,1,2,1,2,1,2,1,2,1,2,1,2,,,10,1,1
102340,1,2,1,2,1,2,1,2,1,2,1,2,,,10,1,1
102350,1,2,1,2,1,2,1,2,1,2,1,2,,,10,1,1
102360,1,2,1,2,1,2,1,2,1,2,1,2,,,10,1,1
102370,1,2,1,2,1,2,1,2,1,2,1,2,,,10,1,1
102380,1,2,1,2,1,2,1,2,1,2,1,2,,,10,1,1
102390,1,2,1,2,1,2,1,2,1,2,1,2,,,10,1,1
102400,1,2,1,2,1,2,1,2,1,2,1,2,,,10,1,1
102410,1,2,1,2,1,2,1,2,1,2,1,2,,,10,1,1
102420,1,2,1,2,1,2,1,2,1,2,1,2,,,10,1,1
102430,1,2,1,2,1,2,1,2,1,2,1,2,,,10,1,1
102440,1,2,1,2,1,2,1,2,1,2,1,2,,,10,1,1
102450,1,2,1,2,1,2,1,2,1,2,1,2,,,10,1,1
102460,1,2,1,2,1,2,1,2,1,2,1,2,,,10,1,1
102470,1,2,1,2,1,2,1,2,1,2,1,2,,,10,1,1
102480,1,2,1,2,1,2,1,2,1,2,1,2,,,10,1,1
102490,1,2,1,2,1,2,1,2,1,2,1,2,,,10,1,1
102500,1,2,1,2,1,2,1,2,1,2,1,2,,,10,1,1
102510,1,2,1,2,1,2,1,2,1,2,1,2,,,10,1,1
102520,1,2,1,2,1,2,1,2,1,2,1,2,,,10,1,1
102530,1,2,1,2,1,2,1,2,1,2,1,2,,,10,1,1
102540,1,2,1,2,1,2,1,2,1,2,1,2,,,10,1,1
102550,1,2,1,2,1,2,1,2,1,2,1,2,,,10,1,1
102560,1,2,1,2,1,2,1,2,1,2,1,2,,,10,1,1
102570,1,2,1,2,1,2,1,2,1,2,1,2,,,10,1,1
102580,1,2,1,2,1,2,1,2,1,2,1,2,,,10,1,1
102590,1,2,1,2,1,2,1,2,1,2,1,2,,,10,1,1
102600,1,2,1,2,1,2,1,2,1,2,1,2,,,10,1,1
102610,1,2,1,2,1,2,1,2,1,2,1,2,,,10,1,1
102620,1,2,1,2,1,2,1,2,1,2,1,2,,,10,1,1
102630,1,2,1,2,1,2,1,2,1,2,1,2,,,10,1,1
102640,1,2,1,2,1,2,1,2,1,2,1,2,,,10,1,1
102650,1,2,1,2,1,2,1,2,1,2,1,2,,,10,1,1
102660,1,2,1,2,1,2,1,2,1,2,1,2,,,10,1,1
102670,1,2,1,2,1,2,1,2,1,2,1,2,,,10,1,1
102680,1,2,1,2,1,2,1,2,1,2,1,2,,,10,1,1
102690,1,2,1,2,1,2,1,2,1,2,1,2,,,10,1,1
102700,1,2,1,2,1,2,1,2,1,2,1,2,,,10,1,1
102710,1,2,1,2,1,2,1,2,1,2,1,2,,,10,1,1
102720,1,2,1,2,1,2,1,2,1,2,1,2,,,10,1,1
102730,1,2,1,2,1,2,1,2,1,2,1,2,,,10,1,1
102740,1,2,1,2,1,2,1,2,1,2,1,2,,,10,1,1
102750,1,2,1,2,1,2,1,2,1,2,1,2,,,10,1,1
102760,1,2,1,2,1,2,1,2,1,2,1,2,,,10,1,1
102770,1,2,1,2,1,2,1,2,1,2,1,2,,,10,1,1
102780,1,2,1,2,1,2,1,2,1,2,1,2,,,10,1,1
102790,1,2,1,2,1,2,1,2,1,2,1,2,,,10,1,1
102800,1,2,1,2,1,2,1,2,1,2,1,2,,,10,1,1
102810,1,2,1,2,1,2,1,2,1,2,1,2,,,10,1,1
102820,1,2,1,2,1,2,1,2,1,2,1,2,,,10,1,1
102830,1,2,1,2,1,2,1,2,1,2,1,2,,,10,1,1
102840,1,2,1,2,1,2,1,2,1,2,1,2,,,10,1,1
102850,1,2,1,2,1,2,1,2,1,2,1,2,,,10,1,1
102860,1,2,1,2,1,2,1,2,1,2,1,2,,,10,1,1
102870,1,2,1,2,1,2,1,2,1,2,1,2,,,10,1,1
102880,1,2,1,2,1,2,1,2,1,2,1,2,,,10,1,1
102890,1,2,1,2,1,2,1,2,1,2,1,2,,,10,1,1
102900,1,2,1,2,1,2,1,2,1,2,1,2,,,10,1,1
102910,1,2,1,2,1,2,1,2,1,2,1,2,,,10,1,1
102920,1,2,1,2,1,2,1,2,1,2,1,2,,,10,1,1
102930,1,2,1,2,1,2,1,2,1,2,1,2,,,10,1,1
102940,1,2,1,2,1,2,1,2,1,2,1,2,,,10,1,1
102950,1,2,1,2,1,2,1,2,1,2,1,2,,,10,1,1
102960,1,2,1,2,1,2,1,2,1,2,1,2,,,10,1,1
102970,1,2,1,2,1,2,1,2,1,2,1,2,,,10,1,1
102980,1,2,1,2,1,2,1,2,1,2,1,2,,,10,1,1
102990,1,2,1,2,1,2,1,2,1,2,1,2,,,10,1,1
103000,1,2,1,2,1,2,1,2,1,2,1,2,,,10,1,1
103010,1,2,1,2,1,2,1,2,1,2,1,2,,,10,1,1
103020,1,2,1,2,1,2,1,2,1,2,1,2,,,10,1,1
103030,1,2,1,2,1,2,1,2,1,2,1,2,,,10,1,1
103040,1,2,1,2,1,2,1,2,1,2,1,2,,,10,1,1
103050,1,2,1,2,1,2,1,2,1,2,1,2,,,10,1,1
103060,1,2,1,2,1,2,1,2,1,2,1,2,,,10,1,1
103070,1,2,1,2,1,2,1,2,1,2,1,2,,,10,1,1
103080,1,2,1,2,1,2,1,2,1,2,1,2,,,10,1,1
103090,1,2,1,2,1,2,1,2,1,2,1,2,,,10,1,1
103100,1,2,1,2,1,2,1,2,1,2,1,2,,,10,1,1
103110,1,2,1,2,1,2,1,2,1,2,1,2,,,10,1,1
103120,1,2,1,2,1,2,1,2,1,2,1,2,,,10,1,1
103130,1,2,1,2,1,2,1,2,1,2,1,2,,,10,1,1
103140,1,2,1,2,1,2,1,2,1,2,1,2,,,10,1,1
103150,1,2,1,2,1,2,1,2,1,2,1,2,,,10,1,1
103160,1,2,1,2,1,2,1,2,1,2,1,2,,,10,1,1
103170,1,2,1,2,1,2,1,2,1,2,1,2,,,10,1,1
103180,1,2,1,2,1,2,1,2,1,2,1,2,,,10,1,1
103190,1,2,1,2,1,2,1,2,1,2,1,2,,,10,1,1
103200,1,2,1,2,1,2,1,2,1,2,1,2,,,10,1,1
103210,1,2,1,2,1,2,1,2,1,2,1,2,,,10,1,1
103220,1,2,1,2,1,2,1,2,1,2,1,2,,,10,1,1
103230,1,2,1,2,1,2,1,2,1,2,1,2,,,10,1,1
103240,1,2,1,2,1,2,1,2,1,2,1,2,,,10,1,1
103250,1,2,1,2,1,2,1,2,1,2,1,2,,,10,1,1
103260,1,2,1,2,1,2,1,2,1,2,1,2,,,10,1,1
103270,1,2,1,2,1,2,1,2,1,2,1,2,,,10,1,1
103280,1,2,1,2,1,2,1,2,1,2,1,2,,,10,1,1
103290,1,2,1,2,1,2,1,2,1,2,1,2,,,10,1,1
103300,1,2,1,2,1,2,1,2,1,2,1,2,,,10,1,1
103310,1,2,1,2,1,2,1,2,1,2,1,2,,,10,1,1
103320,1,2,1,2,1,2,1,2,1,2,1,2,,,10,1,1
103330,1,2,1,2,1,2,1,2,1,2,1,2,,,10,1,1
103340,1,2,1,2,1,2,1,2,1,2,1,2,,,10,1,1
103350,1,2,1,2,1,2,1,2,1,2,1,2,,,10,1,1
103360,1,2,1,2,1,2,1,2,1,2,1,2,,,10,1,1
103370,1,2,1,2,1,2,1,2,1,2,1,2,,,10,1,1
103380,1,2,1,2,1,2,1,2,1,2,1,2,,,10,1,1
103390,1,2,1,2,1,2,1,2,1,2,1,2,,,10,1,1
103400,1,2,1,2,1,2,1,2,1,2,1,2,,,10,1,1
103410,1,2,1,2,1,2,1,2,1,2,1,2,,,10,1,1
103420,1,2,1,2,1,2,1,2,1,2,1,2,,,10,1,1
103430,1,2,1,2,1,2,1,2,1,2,1,2,,,10,1,1
103440,1,2,1,2,1,2,1,2,1,2,1,2,,,10,1,1
103450,1,2,1,2,1,2,1,2,1,2,1,2,,,10,1,1
103460,1,2,1,2,1,2,1,2,1,2,1,2,,,10,1,1
103470,1,2,1,2,1,2,1,2,1,2,1,2,,,10,1,1
103480,1,2,1,2,1,2,1,2,1,2,1,2,,,10,1,1
103490,1,2,1,2,1,2,1,2,1,2,1,2,,,10,1,1
103500,1,2,1,2,1,2,1,2,1,2,1,2,,,10,1,1
103510,1,2,1,2,1,2,1,2,1,2,1,2,,,10,1,1
103520,1,2,1,2,1,2,1,2,1,2,1,2,,,10,1,1
103530,1,2,1,2,1,2,1,2,1,2,1,2,,,10,1,1
103540,1,2,1,2,1,2,1,2,1,2,1,2,,,10,1,1
103550,1,2,1,2,1,2,1,2,1,2,1,2,,,10,1,1
103560,1,2,1,2,1,2,1,2,1,2,1,2,,,10,1,1
103570,1,2,1,2,1,2,1,2,1,2,1,2,,,10,1,1
103580,1,2,1,2,1,2,1,2,1,2,1,2,,,10,1,1
103590,1,2,1,2,1,2,1,2,1,2,1,2,,,10,1,1
103600,1,2,1,2,1,2,1,2,1,2,1,2,,,10,1,1
103610,1,2,1,2,1,2,1,2,1,2,1,2,,,10,1,1
103620,1,2,1,2,1,2,1,2,1,2,1,2,,,10,1,1
103630,1,2,1,2,1,2,1,2,1,2,1,2,,,10,1,1
103640,1,2,1,2,1,2,1,2,1,2,1,2,,,10,1,1
103650,1,2,1,2,1,2,1,2,1,2,1,2,,,10,1,1
103660,1,2,1,2,1,2,1,2,1,2,1,2,,,10,1,1
103670,1,2,1,2,1,2,1,2,1,2,1,2,,,10,1,1
103680,1,2,1,2,1,2,1,2,1,2,1,2,,,10,1,1
103690,1,2,1,2,1,2,1,2,1,2,1,2,,,10,1,1
103700,1,2,1,2,1,2,1,2,1,2,1,2,,,10,1,1
103710,1,2,1,2,1,2,1,2,1,2,1,2,,,10,1,1
103720,1,2,1,2,1,2,1,2,1,2,1,2,,,10,1,1
103730,1,2,1,2,1,2,1,2,1,2,1,2,,,10,1,1
103740,1,2,1,2,1,2,1,2,1,2,1,2,,,10,1,1
103750,1,2,1,2,1,2,1,2,1,2,1,2,,,10,1,1
103760,1,2,1,2,1,2,1,2,1,2,1,2,,,10,1,1
103770,1,2,1,2,1,2,1,2,1,2,1,2,,,10,1,1
103780,1,2,1,2,1,2,1,2,1,2,1,2,,,10,1,1
103790,1,2,1,2,1,2,1,2,1,2,1,2,,,10,1,1
103800,1,2,1,2,1,2,1,2,1,2,1,2,,,10,1,1
103810,1,2,1,2,1,2,1,2,1,2,1,2,,,10,1,1
103820,1,2,1,2,1,2,1,2,1,2,1,2,,,10,1,1
103830,1,2,1,2,1,2,1,2,1,2,1,2,,,10,1,1
103840,1,2,1,2,1,2,1,2,1,2,1,2,,,10,1,1
103850,1,2,1,2,1,2,1,2,1,2,1,2,,,10,1,1
103860,1,2,1,2,1,2,1,2,1,2,1,2,,,10,1,1
103870,1,2,1,2,1,2,1,2,1,2,1,2,,,10,1,1
103880,1,2,1,2,1,2,1,2,1,2,1,2,,,10,1,1
103890,1,2,1,2,1,2,1,2,1,2,1,2,,,10,1,1
103900,1,2,1,2,1,2,1,2,1,2,1,2,,,10,1,1
103910,1,2,1,2,1,2,1,2,1,2,1,2,,,10,1,1
103920,1,2,1,2,1,2,1,2,1,2,1,2,,,10,1,1
103930,1,2,1,2,1,2,1,2,1,2,1,2,,,10,1,1
103940,1,2,1,2,1,2,1,2,1,2,1,2,,,10,1,1
103950,1,2,1,2,1,2,1,2,1,2,1,2,,,10,1,1
103960,1,2,1,2,1,2,1,2,1,2,1,2,,,10,1,1
103970,1,2,1,2,1,2,1,2,1,2,1,2,,,10,1,1
103980,1,2,1,2,1,2,1,2,1,2,1,2,,,10,1,1
103990,1,2,1,2,1,2,1,2,1,2,1,2,,,10,1,1
104000,1,2,1,2,1,2,1,2,1,2,1,2,,,10,1,1
104010,1,2,1,2,1,2,1,2,1,2,1,2,,,10,1,1
104020,1,2,1,2,1,2,1,2,1,2,1,2,,,10,1,1
104030,1,2,1,2,1,2,1,2,1,2,1,2,,,10,1,1
104040,1,2,1,2,1,2,1,2,1,2,1,2,,,10,1,1
104050,1,2,1,2,1,2,1,2,1,2,1,2,,,10,1,1
104060,1,2,1,2,1,2,1,2,1,2,1,2,,,10,1,1
104070,1,2,1,2,1,2,1,2,1,2,1,2,,,10,1,1
104080,1,2,1,2,1,2,1,2,1,2,1,2,,,10,1,1
104090,1,2,1,2,1,2,1,2,1,2,1,2,,,10,1,1
104100,1,2,1,2,1,2,1,2,1,2,1,2,,,10,1,1
104110,1,2,1,2,1,2,1,2,1,2,1,2,,,10,1,1
104120,1,2,1,2,1,2,1,2,1,2,1,2,,,10,1,1
104130,1,2,1,2,1,2,1,2,1,2,1,2,,,10,1,1
104140,1,2,1,2,1,2,1,2,1,2,1,2,,,10,1,1
104150,1,2,1,2,1,2,1,2,1,2,1,2,,,10,1,1
104160,1,2,1,2,1,2,1,2,1,2,1,2,,,10,1,1
104170,1,2,1,2,1,2,1,2,1,2,1,2,,,10,1,1
104180,1,2,1,2,1,2,1,2,1,2,1,2,,,10,1,1
104190,1,2,1,2,1,2,1,2,1,2,1,2,,,10,1,1
104200,1,2,1,2,1,2,1,2,1,2,1,2,,,10,1,1
104210,1,2,1,2,1,2,1,2,1,2,1,2,,,10,1,1
104220,1,2,1,2,1,2,1,2,1,2,1,2,,,10,1,1
104230,1,2,1,2,1,2,1,2,1,2,1,2,,,10,1,1
104240,1,2,1,2,1,2,1,2,1,2,1,2,,,10,1,1
104250,1,2,1,2,1,2,1,2,1,2,1,2,,,10,1,1
104260,1,2,1,2,1,2,1,2,1,2,1,2,,,10,1,1
104270,1,2,1,2,1,2,1,2,1,2,1,2,,,10,1,1
104280,1,2,1,2,1,2,1,2,1,2,1,2,,,10,1,1
104290,1,2,1,2,1,2,1,2,1,2,1,2,,,10,1,1
104300,1,2,1,2,1,2,1,2,1,2,1,2,,,10,1,1
104310,1,2,1,2,1,2,1,2,1,2,1,2,,,10,1,1
104320,1,2,1,2,1,2,1,2,1,2,1,2,,,10,1,1
104330,1,2,1,2,1,2,1,2,1,2,1,2,,,10,1,1
104340,1,2,1,2,1,2,1,2,1,2,1,2,,,10,1,1
104350,1,2,1,2,1,2,1,2,1,2,1,2,,,10,1,1
104360,1,2,1,2,1,2,1,2,1,2,1,2,,,10,1,1
104370,1,2,1,2,1,2,1,2,1,2,1,2,,,10,1,1
104380,1,2,1,2,1,2,1,2,1,2,1,2,,,10,1,1
104390,1,2,1,2,1,2,1,2,1,2,1,2,,,10,1,1
104400,1,2,1,2,1,2,1,2,1,2,1,2,,,10,1,1
104410,1,2,1,2,1,2,1,2,1,2,1,2,,,10,1,1
104420,1,2,1,2,1,2,1,2,1,2,1,2,,,10,1,1
104430,1,2,1,2,1,2,1,2,1,2,1,2,,,10,1,1
104440,1,2,1,2,1,2,1,2,1,2,1,2,,,10,1,1
104450,1,2,1,2,1,2,1,2,1,2,1,2,,,10,1,1
104460,1,2,1,2,1,2,1,2,1,2,1,2,,,10,1,1
104470,1,2,1,2,1,2,1,2,1,2,1,2,,,10,1,1
104480,1,2,1,2,1,2,1,2,1,2,1,2,,,10,1,1
104490,1,2,1,2,1,2,1,2,1,2,1,2,,,10,1,1
104500,1,2,1,2,1,2,1,2,1,2,1,2,,,10,1,1
104510,1,2,1,2,1,2,1,2,1,2,1,2,,,10,1,1
104520,1,2,1,2,1,2,1,2,1,2,1,2,,,10,1,1
104530,1,2,1,2,1,2,1,2,1,2,1,2,,,10,1,1
104540,1,2,1,2,1,2,1,2,1,2,1,2,,,10,1,1
104550,1,2,1,2,1,2,1,2,1,2,1,2,,,10,1,1
104560,1,2,1,2,1,2,1,2,1,2,1,2,,,10,1,1
104570,1,2,1,2,1,2,1,2,1,2,1,2,,,10,1,1
104580,1,2,1,2,1,2,1,2,1,2,1,2,,,10,1,1
104590,1,2,1,2,1,2,1,2,1,2,1,2,,,10,1,1
104600,1,2,1,2,1,2,1,2,1,2,1,2,,,10,1,1
104610,1,2,1,2,1,2,1,2,1,2,1,2,,,10,1,1
104620,1,2,1,2,1,2,1,2,1,2,1,2,,,10,1,1
104630,1,2,1,2,1,2,1,2,1,2,1,2,,,10,1,1
104640,1,2,1,2,1,2,1,2,1,2,1,2,,,10,1,1
104650,1,2,1,2,1,2,1,2,1,2,1,2,,,10,1,1
104660,1,2,1,2,1,2,1,2,1,2,1,2,,,10,1,1
104670,1,2,1,2,1,2,1,2,1,2,1,2,,,10,1,1
104680,1,2,1,2,1,2,1,2,1,2,1,2,,,10,1,1
104690,1,2,1,2,1,2,1,2,1,2,1,2,,,10,1,1
104700,1,2,1,2,1,2,1,2,1,2,1,2,,,10,1,1
104710,1,2,1,2,1,2,1,2,1,2,1,2,,,10,1,1
104720,1,2,1,2,1,2,1,2,1,2,1,2,,,10,1,1
104730,1,2,1,2,1,2,1,2,1,2,1,2,,,10,1,1
104740,1,2,1,2,1,2,1,2,1,2,1,2,,,10,1,1
104750,1,2,1,2,1,2,1,2,1,2,1,2,,,10,1,1
104760,1,2,1,2,1,2,1,2,1,2,1,2,,,10,1,1
104770,1,2,1,2,1,2,1,2,1,2,1,2,,,10,1,1
104780,1,2,1,2,1,2,1,2,1,2,1,2,,,10,1,1
104790,1,2,1,2,1,2,1,2,1,2,1,2,,,10,1,1
104800,1,2,1,2,1,2,1,2,1,2,1,2,,,10,1,1
104810,1,2,1,2,1,2,1,2,1,2,1,2,,,10,1,1
104820,1,2,1,2,1,2,1,2,1,2,1,2,,,10,1,1
104830,1,2,1,2,1,2,1,2,1,2,1,2,,,10,1,1
104840,1,2,1,2,1,2,1,2,1,2,1,2,,,10,1,1
104850,1,2,1,2,1,2,1,2,1,2,1,2,,,10,1,1
104860,1,2,1,2,1,2,1,2,1,2,1,2,,,10,1,1
104870,1,2,1,2,1,2,1,2,1,2,1,2,,,10,1,1
104880,1,2,1,2,1,2,1,2,1,2,1,2,,,10,1,1
104890,1,2,1,2,1,2,1,2,1,2,1,2,,,10,1,1
104900,1,2,1,2,1,2,1,2,1,2,1,2,,,10,1,1
104910,1,2,1,2,1,2,1,2,1,2,1,2,,,10,1,1
104920,1,2,1,2,1,2,1,2,1,2,1,2,,,10,1,1
104930,1,2,1,2,1,2,1,2,1,2,1,2,,,10,1,1
104940,1,2,1,2,1,2,1,2,1,2,1,2,,,10,1,1
104950,1,2,1,2,1,2,1,2,1,2,1,2,,,10,1,1
104960,1,2,1,2,1,2,1,2,1,2,1,2,,,10,1,1
104970,1,2,1,2,1,2,1,2,1,2,1,2,,,10,1,1
104980,1,2,1,2,1,2,1,2,1,2,1,2,,,10,1,1
104990,1,2,1,2,1,2,1,2,1,2,1,2,,,10,1,1
105000,1,2,1,2,1,2,1,2,1,2,1,2,,,10,1,1
105010,1,2,1,2,1,2,1,2,1,2,1,2,,,10,1,1
105020,1,2,1,2,1,2,1,2,1,2,1,2,,,10,1,1
105030,1,2,1,2,1,2,1,2,1,2,1,2,,,10,1,1
105040,1,2,1,2,1,2,1,2,1,2,1,2,,,10,1,1
105050,1,2,1,2,1,2,1,2,1,2,1,2,,,10,1,1
105060,1,2,1,2,1,2,1,2,1,2,1,2,,,10,1,1
105070,1,2,1,2,1,2,1,2,1,2,1,2,,,10,1,1
105080,1,2,1,2,1,2,1,2,1,2,1,2,,,10,1,1
105090,1,2,1,2,1,2,1,2,1,2,1,2,,,10,1,1
105100,1,2,1,2,1,2,1,2,1,2,1,2,,,10,1,1
105110,1,2,1,2,1,2,1,2,1,2,1,2,,,10,1,1
105120,1,2,1,2,1,2,1,2,1,2,1,2,,,10,1,1
105130,1,2,1,2,1,2,1,2,1,2,1,2,,,10,1,1
105140,1,2,1,2,1,2,1,2,1,2,1,2,,,10,1,1
105150,1,2,1,2,1,2,1,2,1,2,1,2,,,10,1,1
105160,1,2,1,2,1,2,1,2,1,2,1,2,,,10,1,1
105170,1,2,1,2,1,2,1,2,1,2,1,2,,,10,1,1
105180,1,2,1,2,1,2,1,2,1,2,1,2,,,10,1,1
105190,1,2,1,2,1,2,1,2,1,2,1,2,,,10,1,1
105200,1,2,1,2,1,2,1,2,1,2,1,2,,,10,1,1
105210,1,2,1,2,1,2,1,2,1,2,1,2,,,10,1,1
105220,1,2,1,2,1,2,1,2,1,2,1,2,,,10,1,1
105230,1,2,1,2,1,2,1,2,1,2,1,2,,,10,1,1
105240,1,2,1,2,1,2,1,2,1,2,1,2,,,10,1,1
105250,1,2,1,2,1,2,1,2,1,2,1,2,,,10,1,1
105260,1,2,1,2,1,2,1,2,1,2,1,2,,,10,1,1
105270,1,2,1,2,1,2,1,2,1,2,1,2,,,10,1,1
105280,1,2,1,2,1,2,1,2,1,2,1,2,,,10,1,1
105290,1,2,1,2,1,2,1,2,1,2,1,2,,,10,1,1
105300,1,2,1,2,1,2,1,2,1,2,1,2,,,10,1,1
105310,1,2,1,2,1,2,1,2,1,2,1,2,,,10,1,1
105320,1,2,1,2,1,2,1,2,1,2,1,2,,,10,1,1
105330,1,2,1,2,1,2,1,2,1,2,1,2,,,10,1,1
105340,1,2,1,2,1,2,1,2,1,2,1,2,,,10,1,1
105350,1,2,1,2,1,2,1,2,1,2,1,2,,,10,1,1
105360,1,2,1,2,1,2,1,2,1,2,1,2,,,10,1,1
105370,1,2,1,2,1,2,1,2,1,2,1,2,,,10,1,1
105380,1,2,1,2,1,2,1,2,1,2,1,2,,,10,1,1
105390,1,2,1,2,1,2,1,2,1,2,1,2,,,10,1,1
105400,1,2,1,2,1,2,1,2,1,2,1,2,,,10,1,1
105410,1,2,1,2,1,2,1,2,1,2,1,2,,,10,1,1
105420,1,2,1,2,1,2,1,2,1,2,1,2,,,10,1,1
105430,1,2,1,2,1,2,1,2,1,2,1,2,,,10,1,1
105440,1,2,1,2,1,2,1,2,1,2,1,2,,,10,1,1
105450,1,2,1,2,1,2,1,2,1,2,1,2,,,10,1,1
105460,1,2,1,2,1,2,1,2,1,2,1,2,,,10,1,1
105470,1,2,1,2,1,2,1,2,1,2,1,2,,,10,1,1
105480,1,2,1,2,1,2,1,2,1,2,1,2,,,10,1,1
105490,1,2,1,2,1,2,1,2,1,2,1,2,,,10,1,1
105500,1,2,1,2,1,2,1,2,1,2,1,2,,,10,1,1
105510,1,2,1,2,1,2,1,2,1,2,1,2,,,10,1,1
105520,1,2,1,2,1,2,1,2,1,2,1,2,,,10,1,1
105530,1,2,1,2,1,2,1,2,1,2,1,2,,,10,1,1
105540,1,2,1,2,1,2,1,2,1,2,1,2,,,10,1,1
105550,1,2,1,2,1,2,1,2,1,2,1,2,,,10,1,1
105560,1,2,1,2,1,2,1,2,1,2,1,2,,,10,1,1
105570,1,2,1,2,1,2,1,2,1,2,1,2,,,10,1,1
105580,1,2,1,2,1,2,1,2,1,2,1,2,,,10,1,1
105590,1,2,1,2,1,2,1,2,1,2,1,2,,,10,1,1
105600,1,2,1,2,1,2,1,2,1,2,1,2,,,10,1,1
105610,1,2,1,2,1,2,1,2,1,2,1,2,,,10,1,1
105620,1,2,1,2,1,2,1,2,1,2,1,2,,,10,1,1
105630,1,2,1,2,1,2,1,2,1,2,1,2,,,10,1,1
105640,1,2,1,2,1,2,1,2,1,2,1,2,,,10,1,1
105650,1,2,1,2,1,2,1,2,1,2,1,2,,,10,1,1
105660,1,2,1,2,1,2,1,2,1,2,1,2,,,10,1,1
105670,1,2,1,2,1,2,1,2,1,2,1,2,,,10,1,1
105680,1,2,1,2,1,2,1,2,1,2,1,2,,,10,1,1
105690,1,2,1,2,1,2,1,2,1,2,1,2,,,10,1,1
105700,1,2,1,2,1,2,1,2,1,2,1,2,,,10,1,1
105710,1,2,1,2,1,2,1,2,1,2,1,2,,,10,1,1
105720,1,2,1,2,1,2,1,2,1,2,1,2,,,10,1,1
105730,1,2,1,2,1,2,1,2,1,2,1,2,,,10,1,1
105740,1,2,1,2,1,2,1,2,1,2,1,2,,,10,1,1
105750,1,2,1,2,1,2,1,2,1,2,1,2,,,10,1,1
105760,1,2,1,2,1,2,1,2,1,2,1,2,,,10,1,1
105770,1,2,1,2,1,2,1,2,1,2,1,2,,,10,1,1
105780,1,2,1,2,1,2,1,2,1,2,1,2,,,10,1,1
105790,1,2,1,2,1,2,1,2,1,2,1,2,,,10,1,1
105800,1,2,1,2,1,2,1,2,1,2,1,2,,,10,1,1
105810,1,2,1,2,1,2,1,2,1,2,1,2,,,10,1,1
105820,1,2,1,2,1,2,1,2,1,2,1,2,,,10,1,1
105830,1,2,1,2,1,2,1,2,1,2,1,2,,,10,1,1
105840,1,2,1,2,1,2,1,2,1,2,1,2,,,10,1,1
105850,1,2,1,2,1,2,1,2,1,2,1,2,,,10,1,1
105860,1,2,1,2,1,2,1,2,1,2,1,2,,,10,1,1
105870,1,2,1,2,1,2,1,2,1,2,1,2,,,10,1,1
105880,1,2,1,2,1,2,1,2,1,2,1,2,,,10,1,1
105890,1,2,1,2,1,2,1,2,1,2,1,2,,,10,1,1
105900,1,2,1,2,1,2,1,2,1,2,1,2,,,10,1,1
105910,1,2,1,2,1,2,1,2,1,2,1,2,,,10,1,1
105920,1,2,1,2,1,2,1,2,1,2,1,2,,,10,1,1
105930,1,2,1,2,1,2,1,2,1,2,1,2,,,10,1,1
105940,1,2,1,2,1,2,1,2,1,2,1,2,,,10,1,1
105950,1,2,1,2,1,2,1,2,1,2,1,2,,,10,1,1
105960,1,2,1,2,1,2,1,2,1,2,1,2,,,10,1,1
105970,1,2,1,2,1,2,1,2,1,2,1,2,,,10,1,1
105980,1,2,1,2,1,2,1,2,1,2,1,2,,,10,1,1
105990,1,2,1,2,1,2,1,2,1,2,1,2,,,10,1,1
106000,1,2,1,2,1,2,1,2,1,2,1,2,,,10,1,1
106010,1,2,1,2,1,2,1,2,1,2,1,2,,,10,1,1
106020,1,2,1,2,1,2,1,2,1,2,1,2,,,10,1,1
106030,1,2,1,2,1,2,1,2,1,2,1,2,,,10,1,1
106040,1,2,1,2,1,2,1,2,1,2,1,2,,,10,1,1
106050,1,2,1,2,1,2,1,2,1,2,1,2,,,10,1,1
106060,1,2,1,2,1,2,1,2,1,2,1,2,,,10,1,1
106070,1,2,1,2,1,2,1,2,1,2,1,2,,,10,1,1
106080,1,2,1,2,1,2,1,2,1,2,1,2,,,10,1,1
106090,1,2,1,2,1,2,1,2,1,2,1,2,,,10,1,1
106100,1,2,1,2,1,2,1,2,1,2,1,2,,,10,1,1
106110,1,2,1,2,1,2,1,2,1,2,1,2,,,10,1,1
106120,1,2,1,2,1,2,1,2,1,2,1,2,,,10,1,1
106130,1,2,1,2,1,2,1,2,1,2,1,2,,,10,1,1
106140,1,2,1,2,1,2,1,2,1,2,1,2,,,10,1,1
106150,1,2,1,2,1,2,1,2,1,2,1,2,,,10,1,1
106160,1,2,1,2,1,2,1,2,1,2,1,2,,,10,1,1
106170,1,2,1,2,1,2,1,2,1,2,1,2,,,10,1,1
106180,1,2,1,2,1,2,1,2,1,2,1,2,,,10,1,1
106190,1,2,1,2,1,2,1,2,1,2,1,2,,,10,1,1
106200,1,2,1,2,1,2,1,2,1,2,1,2,,,10,1,1
106210,1,2,1,2,1,2,1,2,1,2,1,2,,,10,1,1
106220,1,2,1,2,1,2,1,2,1,2,1,2,,,10,1,1
106230,1,2,1,2,1,2,1,2,1,2,1,2,,,10,1,1
106240,1,2,1,2,1,2,1,2,1,2,1,2,,,10,1,1
106250,1,2,1,2,1,2,1,2,1,2,1,2,,,10,1,1
106260,1,2,1,2,1,2,1,2,1,2,1,2,,,10,1,1
106270,1,2,1,2,1,2,1,2,1,2,1,2,,,10,1,1
106280,1,2,1,2,1,2,1,2,1,2,1,2,,,10,1,1
106290,1,2,1,2,1,2,1,2,1,2,1,2,,,10,1,1
106300,1,2,1,2,1,2,1,2,1,2,1,2,,,10,1,1
106310,1,2,1,2,1,2,1,2,1,2,1,2,,,10,1,1
106320,1,2,1,2,1,2,1,2,1,2,1,2,,,10,1,1
106330,1,2,1,2,1,2,1,2,1,2,1,2,,,10,1,1
106340,1,2,1,2,1,2,1,2,1,2,1,2,,,10,1,1
106350,1,2,1,2,1,2,1,2,1,2,1,2,,,10,1,1
106360,1,2,1,2,1,2,1,2,1,2,1,2,,,10,1,1
106370,1,2,1,2,1,2,1,2,1,2,1,2,,,10,1,1
106380,1,2,1,2,1,2,1,2,1,2,1,2,,,10,1,1
106390,1,2,1,2,1,2,1,2,1,2,1,2,,,10,1,1
106400,1,2,1,2,1,2,1,2,1,2,1,2,,,10,1,1
106410,1,2,1,2,1,2,1,2,1,2,1,2,,,10,1,1
106420,1,2,1,2,1,2,1,2,1,2,1,2,,,10,1,1
106430,1,2,1,2,1,2,1,2,1,2,1,2,,,10,1,1
106440,1,2,1,2,1,2,1,2,1,2,1,2,,,10,1,1
106450,1,2,1,2,1,2,1,2,1,2,1,2,,,10,1,1
106460,1,2,1,2,1,2,1,2,1,2,1,2,,,10,1,1
106470,1,2,1,2,1,2,1,2,1,2,1,2,,,10,1,1
106480,1,2,1,2,1,2,1,2,1,2,1,2,,,10,1,1
106490,1,2,1,2,1,2,1,2,1,2,1,2,,,10,1,1
106500,1,2,1,2,1,2,1,2,1,2,1,2,,,10,1,1
106510,1,2,1,2,1,2,1,2,1,2,1,2,,,10,1,1
106520,1,2,1,2,1,2,1,2,1,2,1,2,,,10,1,1
10100,1,2,1,2,1,2,1,2,1,2,1,2,,,10,1,1
106540,1,2,1,2,1,2,1,2,1,2,1,2,,,10,1,1
106550,1,2,1,2,1,2,1,2,1,2,1,2,,,10,1,1
106560,1,2,1,2,1,2,1,2,1,2,1,2,,,10,1,1
106570,1,2,1,2,1,2,1,2,1,2,1,2,,,10,1,1
106580,1,2,1,2,1,2,1,2,1,2,1,2,,,10,1,1
106590,1,2,1,2,1,2,1,2,1,2,1,2,,,10,1,1
106600,1,2,1,2,1,2,1,2,1,2,1,2,,,10,1,1
106610,1,2,1,2,1,2,1,2,1,2,1,2,,,10,1,1
106620,1,2,1,2,1,2,1,2,1,2,1,2,,,10,1,1
106630,1,2,1,2,1,2,1,2,1,2,1,2,,,10,1,1
106640,1,2,1,2,1,2,1,2,1,2,1,2,,,10,1,1
106650,1,2,1,2,1,2,1,2,1,2,1,2,,,10,1,1
106660,1,2,1,2,1,2,1,2,1,2,1,2,,,10,1,1
106670,1,2,1,2,1,2,1,2,1,2,1,2,,,10,1,1
106680,1,2,1,2,1,2,1,2,1,2,1,2,,,10,1,1
106690,1,2,1,2,1,2,1,2,1,2,1,2,,,10,1,1
106700,1,2,1,2,1,2,1,2,1,2,1,2,,,10,1,1
106710,1,2,1,2,1,2,1,2,1,2,1,2,,,10,1,1
106720,1,2,1,2,1,2,1,2,1,2,1,2,,,10,1,1
106730,1,2,1,2,1,2,1,2,1,2,1,2,,,10,1,1
106740,1,2,1,2,1,2,1,2,1,2,1,2,,,10,1,1
106750,1,2,1,2,1,2,1,2,1,2,1,2,,,10,1,1
106760,1,2,1,2,1,2,1,2,1,2,1,2,,,10,1,1
106770,1,2,1,2,1,2,1,2,1,2,1,2,,,10,1,1
106780,1,2,1,2,1,2,1,2,1,2,1,2,,,10,1,1
106790,1,2,1,2,1,2,1,2,1,2,1,2,,,10,1,1
106800,1,2,1,2,1,2,1,2,1,2,1,2,,,10,1,1
106810,1,2,1,2,1,2,1,2,1,2,1,2,,,10,1,1
106820,1,2,1,2,1,2,1,2,1,2,1,2,,,10,1,1
106830,1,2,1,2,1,2,1,2,1,2,1,2,,,10,1,1
106840,1,2,1,2,1,2,1,2,1,2,1,2,,,10,1,1
106850,1,2,1,2,1,2,1,2,1,2,1,2,,,10,1,1
106860,1,2,1,2,1,2,1,2,1,2,1,2,,,10,1,1
106870,1,2,1,2,1,2,1,2,1,2,1,2,,,10,1,1
106880,1,2,1,2,1,2,1,2,1,2,1,2,,,10,1,1
106890,1,2,1,2,1,2,1,2,1,2,1,2,,,10,1,1
106900,1,2,1,2,1,2,1,2,1,2,1,2,,,10,1,1
106910,1,2,1,2,1,2,1,2,1,2,1,2,,,10,1,1
106920,1,2,1,2,1,2,1,2,1,2,1,2,,,10,1,1
106930,1,2,1,2,1,2,1,2,1,2,1,2,,,10,1,1
106940,1,2,1,2,1,2,1,2,1,2,1,2,,,10,1,1
106950,1,2,1,2,1,2,1,2,1,2,1,2,,,10,1,1
106960,1,2,1,2,1,2,1,2,1,2,1,2,,,10,1,1
106970,1,2,1,2,1,2,1,2,1,2,1,2,,,10,1,1
106980,1,2,1,2,1,2,1,2,1,2,1,2,,,10,1,1
106990,1,2,1,2,1,2,1,2,1,2,1,2,,,10,1,1
107000,1,2,1,2,1,2,1,2,1,2,1,2,,,10,1,1
107010,1,2,1,2,1,2,1,2,1,2,1,2,,,10,1,1
107020,1,2,1,2,1,2,1,2,1,2,1,2,,,10,1,1
107030,1,2,1,2,1,2,1,2,1,2,1,2,,,10,1,1
107040,1,2,1,2,1,2,1,2,1,2,1,2,,,10,1,1
107050,1,2,1,2,1,2,1,2,1,2,1,2,,,10,1,1
107060,1,2,1,2,1,2,1,2,1,2,1,2,,,10,1,1
107070,1,2,1,2,1,2,1,2,1,2,1,2,,,10,1,1
107080,1,2,1,2,1,2,1,2,1,2,1,2,,,10,1,1
107090,1,2,1,2,1,2,1,2,1,2,1,2,,,10,1,1
107100,1,2,1,2,1,2,1,2,1,2,1,2,,,10,1,1
107110,1,2,1,2,1,2,1,2,1,2,1,2,,,10,1,1
107120,1,2,1,2,1,2,1,2,1,2,1,2,,,10,1,1
107130,1,2,1,2,1,2,1,2,1,2,1,2,,,10,1,1
107140,1,2,1,2,1,2,1,2,1,2,1,2,,,10,1,1
107150,1,2,1,2,1,2,1,2,1,2,1,2,,,10,1,1
107160,1,2,1,2,1,2,1,2,1,2,1,2,,,10,1,1
107170,1,2,1,2,1,2,1,2,1,2,1,2,,,10,1,1
107180,1,2,1,2,1,2,1,2,1,2,1,2,,,10,1,1
107190,1,2,1,2,1,2,1,2,1,2,1,2,,,10,1,1
107200,1,2,1,2,1,2,1,2,1,2,1,2,,,10,1,1
107210,1,2,1,2,1,2,1,2,1,2,1,2,,,10,1,1
107220,1,2,1,2,1,2,1,2,1,2,1,2,,,10,1,1
107230,1,2,1,2,1,2,1,2,1,2,1,2,,,10,1,1
107240,1,2,1,2,1,2,1,2,1,2,1,2,,,10,1,1
107250,1,2,1,2,1,2,1,2,1,2,1,2,,,10,1,1
107260,1,2,1,2,1,2,1,2,1,2,1,2,,,10,1,1
107270,1,2,1,2,1,2,1,2,1,2,1,2,,,10,1,1
107280,1,2,1,2,1,2,1,2,1,2,1,2,,,10,1,1
107290,1,2,1,2,1,2,1,2,1,2,1,2,,,10,1,1
107300,1,2,1,2,1,2,1,2,1,2,1,2,,,10,1,1
107310,1,2,1,2,1,2,1,2,1,2,1,2,,,10,1,1
107320,1,2,1,2,1,2,1,2,1,2,1,2,,,10,1,1
107330,1,2,1,2,1,2,1,2,1,2,1,2,,,10,1,1
107340,1,2,1,2,1,2,1,2,1,2,1,2,,,10,1,1
107350,1,2,1,2,1,2,1,2,1,2,1,2,,,10,1,1
107360,1,2,1,2,1,2,1,2,1,2,1,2,,,10,1,1
107370,1,2,1,2,1,2,1,2,1,2,1,2,,,10,1,1
107380,1,2,1,2,1,2,1,2,1,2,1,2,,,10,1,1
107390,1,2,1,2,1,2,1,2,1,2,1,2,,,10,1,1
107400,1,2,1,2,1,2,1,2,1,2,1,2,,,10,1,1
107410,1,2,1,2,1,2,1,2,1,2,1,2,,,10,1,1
107420,1,2,1,2,1,2,1,2,1,2,1,2,,,10,1,1
107430,1,2,1,2,1,2,1,2,1,2,1,2,,,10,1,1
107440,1,2,1,2,1,2,1,2,1,2,1,2,,,10,1,1
107450,1,2,1,2,1,2,1,2,1,2,1,2,,,10,1,1
107460,1,2,1,2,1,2,1,2,1,2,1,2,,,10,1,1
107470,1,2,1,2,1,2,1,2,1,2,1,2,,,10,1,1
107480,1,2,1,2,1,2,1,2,1,2,1,2,,,10,1,1
107490,1,2,1,2,1,2,1,2,1,2,1,2,,,10,1,1
107500,1,2,1,2,1,2,1,2,1,2,1,2,,,10,1,1
107510,1,2,1,2,1,2,1,2,1,2,1,2,,,10,1,1
107520,1,2,1,2,1,2,1,2,1,2,1,2,,,10,1,1
107530,1,2,1,2,1,2,1,2,1,2,1,2,,,10,1,1
107540,1,2,1,2,1,2,1,2,1,2,1,2,,,10,1,1
107550,1,2,1,2,1,2,1,2,1,2,1,2,,,10,1,1
107560,1,2,1,2,1,2,1,2,1,2,1,2,,,10,1,1
107570,1,2,1,2,1,2,1,2,1,2,1,2,,,10,1,1
107580,1,2,1,2,1,2,1,2,1,2,1,2,,,10,1,1
107590,1,2,1,2,1,2,1,2,1,2,1,2,,,10,1,1
107600,1,2,1,2,1,2,1,2,1,2,1,2,,,10,1,1
107610,1,2,1,2,1,2,1,2,1,2,1,2,,,10,1,1
107620,1,2,1,2,1,2,1,2,1,2,1,2,,,10,1,1
107630,1,2,1,2,1,2,1,2,1,2,1,2,,,10,1,1
107640,1,2,1,2,1,2,1,2,1,2,1,2,,,10,1,1
107650,1,2,1,2,1,2,1,2,1,2,1,2,,,10,1,1
107660,1,2,1,2,1,2,1,2,1,2,1,2,,,10,1,1
107670,1,2,1,2,1,2,1,2,1,2,1,2,,,10,1,1
107680,1,2,1,2,1,2,1,2,1,2,1,2,,,10,1,1
107690,1,2,1,2,1,2,1,2,1,2,1,2,,,10,1,1
107700,1,2,1,2,1,2,1,2,1,2,1,2,,,10,1,1
107710,1,2,1,2,1,2,1,2,1,2,1,2,,,10,1,1
107720,1,2,1,2,1,2,1,2,1,2,1,2,,,10,1,1
107730,1,2,1,2,1,2,1,2,1,2,1,2,,,10,1,1
107740,1,2,1,2,1,2,1,2,1,2,1,2,,,10,1,1
107750,1,2,1,2,1,2,1,2,1,2,1,2,,,10,1,1
107760,1,2,1,2,1,2,1,2,1,2,1,2,,,10,1,1
107770,1,2,1,2,1,2,1,2,1,2,1,2,,,10,1,1
107780,1,2,1,2,1,2,1,2,1,2,1,2,,,10,1,1
107790,1,2,1,2,1,2,1,2,1,2,1,2,,,10,1,1
107800,1,2,1,2,1,2,1,2,1,2,1,2,,,10,1,1
107810,1,2,1,2,1,2,1,2,1,2,1,2,,,10,1,1
107820,1,2,1,2,1,2,1,2,1,2,1,2,,,10,1,1
107830,1,2,1,2,1,2,1,2,1,2,1,2,,,10,1,1
107840,1,2,1,2,1,2,1,2,1,2,1,2,,,10,1,1
107850,1,2,1,2,1,2,1,2,1,2,1,2,,,10,1,1
107860,1,2,1,2,1,2,1,2,1,2,1,2,,,10,1,1
107870,1,2,1,2,1,2,1,2,1,2,1,2,,,10,1,1
107880,1,2,1,2,1,2,1,2,1,2,1,2,,,10,1,1
107890,1,2,1,2,1,2,1,2,1,2,1,2,,,10,1,1
107900,1,2,1,2,1,2,1,2,1,2,1,2,,,10,1,1
107910,1,2,1,2,1,2,1,2,1,2,1,2,,,10,1,1
107920,1,2,1,2,1,2,1,2,1,2,1,2,,,10,1,1
107930,1,2,1,2,1,2,1,2,1,2,1,2,,,10,1,1
107940,1,2,1,2,1,2,1,2,1,2,1,2,,,10,1,1
107950,1,2,1,2,1,2,1,2,1,2,1,2,,,10,1,1
107960,1,2,1,2,1,2,1,2,1,2,1,2,,,10,1,1
107970,1,2,1,2,1,2,1,2,1,2,1,2,,,10,1,1
107980,1,2,1,2,1,2,1,2,1,2,1,2,,,10,1,1
107990,1,2,1,2,1,2,1,2,1,2,1,2,,,10,1,1
108000,1,2,1,2,1,2,1,2,1,2,1,2,,,10,1,1
108010,1,2,1,2,1,2,1,2,1,2,1,2,,,10,1,1
108020,1,2,1,2,1,2,1,2,1,2,1,2,,,10,1,1
108030,1,2,1,2,1,2,1,2,1,2,1,2,,,10,1,1
108040,1,2,1,2,1,2,1,2,1,2,1,2,,,10,1,1
108050,1,2,1,2,1,2,1,2,1,2,1,2,,,10,1,1
108060,1,2,1,2,1,2,1,2,1,2,1,2,,,10,1,1
108070,1,2,1,2,1,2,1,2,1,2,1,2,,,10,1,1
108080,1,2,1,2,1,2,1,2,1,2,1,2,,,10,1,1
108090,1,2,1,2,1,2,1,2,1,2,1,2,,,10,1,1
108100,1,2,1,2,1,2,1,2,1,2,1,2,,,10,1,1
108110,1,2,1,2,1,2,1,2,1,2,1,2,,,10,1,1
108120,1,2,1,2,1,2,1,2,1,2,1,2,,,10,1,1
108130,1,2,1,2,1,2,1,2,1,2,1,2,,,10,1,1
108140,1,2,1,2,1,2,1,2,1,2,1,2,,,10,1,1
108150,1,2,1,2,1,2,1,2,1,2,1,2,,,10,1,1
108160,1,2,1,2,1,2,1,2,1,2,1,2,,,10,1,1
108170,1,2,1,2,1,2,1,2,1,2,1,2,,,10,1,1
108180,1,2,1,2,1,2,1,2,1,2,1,2,,,10,1,1
108190,1,2,1,2,1,2,1,2,1,2,1,2,,,10,1,1
108200,1,2,1,2,1,2,1,2,1,2,1,2,,,10,1,1
108210,1,2,1,2,1,2,1,2,1,2,1,2,,,10,1,1
108220,1,2,1,2,1,2,1,2,1,2,1,2,,,10,1,1
108230,1,2,1,2,1,2,1,2,1,2,1,2,,,10,1,1
108240,1,2,1,2,1,2,1,2,1,2,1,2,,,10,1,1
108250,1,2,1,2,1,2,1,2,1,2,1,2,,,10,1,1
108260,1,2,1,2,1,2,1,2,1,2,1,2,,,10,1,1
108270,1,2,1,2,1,2,1,2,1,2,1,2,,,10,1,1
108280,1,2,1,2,1,2,1,2,1,2,1,2,,,10,1,1
108290,1,2,1,2,1,2,1,2,1,2,1,2,,,10,1,1
108300,1,2,1,2,1,2,1,2,1,2,1,2,,,10,1,1
108310,1,2,1,2,1,2,1,2,1,2,1,2,,,10,1,1
108320,1,2,1,2,1,2,1,2,1,2,1,2,,,10,1,1
108330,1,2,1,2,1,2,1,2,1,2,1,2,,,10,1,1
108340,1,2,1,2,1,2,1,2,1,2,1,2,,,10,1,1
108350,1,2,1,2,1,2,1,2,1,2,1,2,,,10,1,1
108360,1,2,1,2,1,2,1,2,1,2,1,2,,,10,1,1
108370,1,2,1,2,1,2,1,2,1,2,1,2,,,10,1,1
108380,1,2,1,2,1,2,1,2,1,2,1,2,,,10,1,1
108390,1,2,1,2,1,2,1,2,1,2,1,2,,,10,1,1
108400,1,2,1,2,1,2,1,2,1,2,1,2,,,10,1,1
108410,1,2,1,2,1,2,1,2,1,2,1,2,,,10,1,1
108420,1,2,1,2,1,2,1,2,1,2,1,2,,,10,1,1
108430,1,2,1,2,1,2,1,2,1,2,1,2,,,10,1,1
108440,1,2,1,2,1,2,1,2,1,2,1,2,,,10,1,1
108450,1,2,1,2,1,2,1,2,1,2,1,2,,,10,1,1
108460,1,2,1,2,1,2,1,2,1,2,1,2,,,10,1,1
108470,1,2,1,2,1,2,1,2,1,2,1,2,,,10,1,1
108480,1,2,1,2,1,2,1,2,1,2,1,2,,,10,1,1
108490,1,2,1,2,1,2,1,2,1,2,1,2,,,10,1,1
108500,1,2,1,2,1,2,1,2,1,2,1,2,,,10,1,1
108510,1,2,1,2,1,2,1,2,1,2,1,2,,,10,1,1
108520,1,2,1,2,1,2,1,2,1,2,1,2,,,10,1,1
108530,1,2,1,2,1,2,1,2,1,2,1,2,,,10,1,1
108540,1,2,1,2,1,2,1,2,1,2,1,2,,,10,1,1
108550,1,2,1,2,1,2,1,2,1,2,1,2,,,10,1,1
108560,1,2,1,2,1,2,1,2,1,2,1,2,,,10,1,1
108570,1,2,1,2,1,2,1,2,1,2,1,2,,,10,1,1
108580,1,2,1,2,1,2,1,2,1,2,1,2,,,10,1,1
108590,1,2,1,2,1,2,1,2,1,2,1,2,,,10,1,1
108600,1,2,1,2,1,2,1,2,1,2,1,2,,,10,1,1
108610,1,2,1,2,1,2,1,2,1,2,1,2,,,10,1,1
108620,1,2,1,2,1,2,1,2,1,2,1,2,,,10,1,1
108630,1,2,1,2,1,2,1,2,1,2,1,2,,,10,1,1
108640,1,2,1,2,1,2,1,2,1,2,1,2,,,10,1,1
108650,1,2,1,2,1,2,1,2,1,2,1,2,,,10,1,1
108660,1,2,1,2,1,2,1,2,1,2,1,2,,,10,1,1
108670,1,2,1,2,1,2,1,2,1,2,1,2,,,10,1,1
108680,1,2,1,2,1,2,1,2,1,2,1,2,,,10,1,1
108690,1,2,1,2,1,2,1,2,1,2,1,2,,,10,1,1
108700,1,2,1,2,1,2,1,2,1,2,1,2,,,10,1,1
108710,1,2,1,2,1,2,1,2,1,2,1,2,,,10,1,1
108720,1,2,1,2,1,2,1,2,1,2,1,2,,,10,1,1
108730,1,2,1,2,1,2,1,2,1,2,1,2,,,10,1,1
108740,1,2,1,2,1,2,1,2,1,2,1,2,,,10,1,1
108750,1,2,1,2,1,2,1,2,1,2,1,2,,,10,1,1
108760,1,2,1,2,1,2,1,2,1,2,1,2,,,10,1,1
108770,1,2,1,2,1,2,1,2,1,2,1,2,,,10,1,1
108780,1,2,1,2,1,2,1,2,1,2,1,2,,,10,1,1
108790,1,2,1,2,1,2,1,2,1,2,1,2,,,10,1,1
108800,1,2,1,2,1,2,1,2,1,2,1,2,,,10,1,1
108810,1,2,1,2,1,2,1,2,1,2,1,2,,,10,1,1
108820,1,2,1,2,1,2,1,2,1,2,1,2,,,10,1,1
108830,1,2,1,2,1,2,1,2,1,2,1,2,,,10,1,1
108840,1,2,1,2,1,2,1,2,1,2,1,2,,,10,1,1
108850,1,2,1,2,1,2,1,2,1,2,1,2,,,10,1,1
108860,1,2,1,2,1,2,1,2,1,2,1,2,,,10,1,1
108870,1,2,1,2,1,2,1,2,1,2,1,2,,,10,1,1
108880,1,2,1,2,1,2,1,2,1,2,1,2,,,10,1,1
108890,1,2,1,2,1,2,1,2,1,2,1,2,,,10,1,1
108900,1,2,1,2,1,2,1,2,1,2,1,2,,,10,1,1
108910,1,2,1,2,1,2,1,2,1,2,1,2,,,10,1,1
108920,1,2,1,2,1,2,1,2,1,2,1,2,,,10,1,1
108930,1,2,1,2,1,2,1,2,1,2,1,2,,,10,1,1
108940,1,2,1,2,1,2,1,2,1,2,1,2,,,10,1,1
108950,1,2,1,2,1,2,1,2,1,2,1,2,,,10,1,1
108960,1,2,1,2,1,2,1,2,1,2,1,2,,,10,1,1
108970,1,2,1,2,1,2,1,2,1,2,1,2,,,10,1,1
108980,1,2,1,2,1,2,1,2,1,2,1,2,,,10,1,1
108990,1,2,1,2,1,2,1,2,1,2,1,2,,,10,1,1
109000,1,2,1,2,1,2,1,2,1,2,1,2,,,10,1,1
109010,1,2,1,2,1,2,1,2,1,2,1,2,,,10,1,1
109020,1,2,1,2,1,2,1,2,1,2,1,2,,,10,1,1
109030,1,2,1,2,1,2,1,2,1,2,1,2,,,10,1,1
109040,1,2,1,2,1,2,1,2,1,2,1,2,,,10,1,1
109050,1,2,1,2,1,2,1,2,1,2,1,2,,,10,1,1
109060,1,2,1,2,1,2,1,2,1,2,1,2,,,10,1,1
109070,1,2,1,2,1,2,1,2,1,2,1,2,,,10,1,1
109080,1,2,1,2,1,2,1,2,1,2,1,2,,,10,1,1
109090,1,2,1,2,1,2,1,2,1,2,1,2,,,10,1,1
109100,1,2,1,2,1,2,1,2,1,2,1,2,,,10,1,1
109110,1,2,1,2,1,2,1,2,1,2,1,2,,,10,1,1
109120,1,2,1,2,1,2,1,2,1,2,1,2,,,10,1,1
109130,1,2,1,2,1,2,1,2,1,2,1,2,,,10,1,1
109140,1,2,1,2,1,2,1,2,1,2,1,2,,,10,1,1
109150,1,2,1,2,1,2,1,2,1,2,1,2,,,10,1,1
109160,1,2,1,2,1,2,1,2,1,2,1,2,,,10,1,1
109170,1,2,1,2,1,2,1,2,1,2,1,2,,,10,1,1
109180,1,2,1,2,1,2,1,2,1,2,1,2,,,10,1,1
109190,1,2,1,2,1,2,1,2,1,2,1,2,,,10,1,1
109200,1,2,1,2,1,2,1,2,1,2,1,2,,,10,1,1
109210,1,2,1,2,1,2,1,2,1,2,1,2,,,10,1,1
109220,1,2,1,2,1,2,1,2,1,2,1,2,,,10,1,1
109230,1,2,1,2,1,2,1,2,1,2,1,2,,,10,1,1
109240,1,2,1,2,1,2,1,2,1,2,1,2,,,10,1,1
109250,1,2,1,2,1,2,1,2,1,2,1,2,,,10,1,1
109260,1,2,1,2,1,2,1,2,1,2,1,2,,,10,1,1
109270,1,2,1,2,1,2,1,2,1,2,1,2,,,10,1,1
109280,1,2,1,2,1,2,1,2,1,2,1,2,,,10,1,1
109290,1,2,1,2,1,2,1,2,1,2,1,2,,,10,1,1
109300,1,2,1,2,1,2,1,2,1,2,1,2,,,10,1,1
109310,1,2,1,2,1,2,1,2,1,2,1,2,,,10,1,1
109320,1,2,1,2,1,2,1,2,1,2,1,2,,,10,1,1
109330,1,2,1,2,1,2,1,2,1,2,1,2,,,10,1,1
109340,1,2,1,2,1,2,1,2,1,2,1,2,,,10,1,1
109350,1,2,1,2,1,2,1,2,1,2,1,2,,,10,1,1
109360,1,2,1,2,1,2,1,2,1,2,1,2,,,10,1,1
109370,1,2,1,2,1,2,1,2,1,2,1,2,,,10,1,1
109380,1,2,1,2,1,2,1,2,1,2,1,2,,,10,1,1
109390,1,2,1,2,1,2,1,2,1,2,1,2,,,10,1,1
109400,1,2,1,2,1,2,1,2,1,2,1,2,,,10,1,1
109410,1,2,1,2,1,2,1,2,1,2,1,2,,,10,1,1
109420,1,2,1,2,1,2,1,2,1,2,1,2,,,10,1,1
109430,1,2,1,2,1,2,1,2,1,2,1,2,,,10,1,1
109440,1,2,1,2,1,2,1,2,1,2,1,2,,,10,1,1
109450,1,2,1,2,1,2,1,2,1,2,1,2,,,10,1,1
109460,1,2,1,2,1,2,1,2,1,2,1,2,,,10,1,1
109470,1,2,1,2,1,2,1,2,1,2,1,2,,,10,1,1
109480,1,2,1,2,1,2,1,2,1,2,1,2,,,10,1,1
109490,1,2,1,2,1,2,1,2,1,2,1,2,,,10,1,1
109500,1,2,1,2,1,2,1,2,1,2,1,2,,,10,1,1
109510,1,2,1,2,1,2,1,2,1,2,1,2,,,10,1,1
109520,1,2,1,2,1,2,1,2,1,2,1,2,,,10,1,1
109530,1,2,1,2,1,2,1,2,1,2,1,2,,,10,1,1
109540,1,2,1,2,1,2,1,2,1,2,1,2,,,10,1,1
109550,1,2,1,2,1,2,1,2,1,2,1,2,,,10,1,1
109560,1,2,1,2,1,2,1,2,1,2,1,2,,,10,1,1
109570,1,2,1,2,1,2,1,2,1,2,1,2,,,10,1,1
109580,1,2,1,2,1,2,1,2,1,2,1,2,,,10,1,1
109590,1,2,1,2,1,2,1,2,1,2,1,2,,,10,1,1
109600,1,2,1,2,1,2,1,2,1,2,1,2,,,10,1,1
109610,1,2,1,2,1,2,1,2,1,2,1,2,,,10,1,1
109620,1,2,1,2,1,2,1,2,1,2,1,2,,,10,1,1
109630,1,2,1,2,1,2,1,2,1,2,1,2,,,10,1,1
109640,1,2,1,2,1,2,1,2,1,2,1,2,,,10,1,1
109650,1,2,1,2,1,2,1,2,1,2,1,2,,,10,1,1
109660,1,2,1,2,1,2,1,2,1,2,1,2,,,10,1,1
109670,1,2,1,2,1,2,1,2,1,2,1,2,,,10,1,1
109680,1,2,1,2,1,2,1,2,1,2,1,2,,,10,1,1
109690,1,2,1,2,1,2,1,2,1,2,1,2,,,10,1,1
109700,1,2,1,2,1,2,1,2,1,2,1,2,,,10,1,1
109710,1,2,1,2,1,2,1,2,1,2,1,2,,,10,1,1
109720,1,2,1,2,1,2,1,2,1,2,1,2,,,10,1,1
109730,1,2,1,2,1,2,1,2,1,2,1,2,,,10,1,1
109740,1,2,1,2,1,2,1,2,1,2,1,2,,,10,1,1
109750,1,2,1,2,1,2,1,2,1,2,1,2,,,10,1,1
109760,1,2,1,2,1,2,1,2,1,2,1,2,,,10,1,1
109770,1,2,1,2,1,2,1,2,1,2,1,2,,,10,1,1
109780,1,2,1,2,1,2,1,2,1,2,1,2,,,10,1,1
109790,1,2,1,2,1,2,1,2,1,2,1,2,,,10,1,1
109800,1,2,1,2,1,2,1,2,1,2,1,2,,,10,1,1
109810,1,2,1,2,1,2,1,2,1,2,1,2,,,10,1,1
109820,1,2,1,2,1,2,1,2,1,2,1,2,,,10,1,1
109830,1,2,1,2,1,2,1,2,1,2,1,2,,,10,1,1
109840,1,2,1,2,1,2,1,2,1,2,1,2,,,10,1,1
109850,1,2,1,2,1,2,1,2,1,2,1,2,,,10,1,1
109860,1,2,1,2,1,2,1,2,1,2,1,2,,,10,1,1
109870,1,2,1,2,1,2,1,2,1,2,1,2,,,10,1,1
109880,1,2,1,2,1,2,1,2,1,2,1,2,,,10,1,1
109890,1,2,1,2,1,2,1,2,1,2,1,2,,,10,1,1
109900,1,2,1,2,1,2,1,2,1,2,1,2,,,10,1,1
109910,1,2,1,2,1,2,1,2,1,2,1,2,,,10,1,1
109920,1,2,1,2,1,2,1,2,1,2,1,2,,,10,1,1
109930,1,2,1,2,1,2,1,2,1,2,1,2,,,10,1,1
109940,1,2,1,2,1,2,1,2,1,2,1,2,,,10,1,1
109950,1,2,1,2,1,2,1,2,1,2,1,2,,,10,1,1
109960,1,2,1,2,1,2,1,2,1,2,1,2,,,10,1,1
109970,1,2,1,2,1,2,1,2,1,2,1,2,,,10,1,1
109980,1,2,1,2,1,2,1,2,1,2,1,2,,,10,1,1
109990,1,2,1,2,1,2,1,2,1,2,1,2,,,10,1,1 
212012,256,128,64,32,16,8,4,2,1,,,,,,11,0,0
212188,256,128,64,32,16,8,4,2,1,,,,,,11,0,0
212200,256,128,64,32,16,8,4,2,1,,,,,,11,0,0
212299,256,128,64,32,16,8,4,2,1,,,,,,11,0,0
212824,256,128,64,32,16,8,4,2,1,,,,,,11,0,0
213300,256,128,64,32,16,8,4,2,1,,,,,,11,0,0
214400,256,128,64,32,16,8,4,2,1,,,,,,11,0,0
215500,256,128,64,32,16,8,4,2,1,,,,,,11,0,0
216600,256,128,64,32,16,8,4,2,1,,,,,,11,0,0
217700,256,128,64,32,16,8,4,2,1,,,,,,11,0,0
219900,256,128,64,32,16,8,4,2,1,,,,,,11,0,0


//CITI
240GCB,2,1,2,1,2,1,2,1,2,1,,,,,10,0,1
241GCB,2,1,2,1,2,1,2,1,2,1,,,,,10,0,1
242GCB,2,1,2,1,2,1,2,1,2,1,,,,,10,0,1
243GCB,2,1,2,1,2,1,2,1,2,1,,,,,10,0,1
244GCB,2,1,2,1,2,1,2,1,2,1,,,,,10,0,1
245GCB,2,1,2,1,2,1,2,1,2,1,,,,,10,0,1
246GCB,2,1,2,1,2,1,2,1,2,1,,,,,10,0,1
247GCB,2,1,2,1,2,1,2,1,2,1,,,,,10,0,1
248GCB,2,1,2,1,2,1,2,1,2,1,,,,,10,0,1
249GCB,2,1,2,1,2,1,2,1,2,1,,,,,10,0,1

240GFG,4,3,2,7,6,5,4,3,2,0,,,,,11,0,0
241GFG,4,3,2,7,6,5,4,3,2,0,,,,,11,0,0
242GFG,4,3,2,7,6,5,4,3,2,0,,,,,11,0,0
243GFG,4,3,2,7,6,5,4,3,2,0,,,,,11,0,0
244GFG,4,3,2,7,6,5,4,3,2,0,,,,,11,0,0
245GFG,4,3,2,7,6,5,4,3,2,0,,,,,11,0,0
246GFG,4,3,2,7,6,5,4,3,2,0,,,,,11,0,0
247GFG,4,3,2,7,6,5,4,3,2,0,,,,,11,0,0
248GFG,4,3,2,7,6,5,4,3,2,0,,,,,11,0,0
249GFG,4,3,2,7,6,5,4,3,2,0,,,,,11,0,0


240GFGNORM,4,3,2,7,6,5,4,3,2,0,,,,,11,0,0
241GFGNORM,4,3,2,7,6,5,4,3,2,0,,,,,11,0,0
242GFGNORM,4,3,2,7,6,5,4,3,2,0,,,,,11,0,0
243GFGNORM,4,3,2,7,6,5,4,3,2,0,,,,,11,0,0
244GFGNORM,4,3,2,7,6,5,4,3,2,0,,,,,11,0,0
245GFGNORM,4,3,2,7,6,5,4,3,2,0,,,,,11,0,0
246GFGNORM,4,3,2,7,6,5,4,3,2,0,,,,,11,0,0
247GFGNORM,4,3,2,7,6,5,4,3,2,0,,,,,11,0,0
248GFGNORM,4,3,2,7,6,5,4,3,2,0,,,,,11,0,0
249GFGNORM,4,3,2,7,6,5,4,3,2,0,,,,,11,0,0
